timestamp,tmv_x,tmv_y,tmv_z,twv_x,twv_y,twv_z
1554967193.561149,0.3021374047,0.07611679286,0.01258007064,,,
1554967194.166333,0.3857375979,0.2386207879,0.2213781625,,,
1554967194.77144,0.391649574,0.238482818,0.2260983139,,,
1554967195.376624,0.3992606699,0.2408348471,0.2244105786,,,
1554967195.98177,0.3907488286,0.2510682344,0.2239840776,,,
1554967196.586915,0.3895196021,0.245740369,0.2264472544,,,
1554967197.192087,0.3942133188,0.2449319512,0.2275771797,,,
1554967197.797232,0.3896666467,0.2352004349,0.2257598042,,,
1554967198.402365,0.3967674077,0.2379411012,0.2112003714,,,
1554967199.007587,0.3929007351,0.2425160855,0.2139077932,,,
1554967199.612669,0.3904516995,0.2360754758,0.2253564447,,,
1554967200.21784,0.3884466588,0.240792647,0.2194365412,,,
1554967200.822986,0.3886675537,0.2326971442,0.2227277309,,,
1554967201.428119,0.3935266435,0.2386425287,0.2078458667,,,
1554967202.033303,0.3994463086,0.2380738556,0.2117648721,,,
1554967202.638474,0.3957596421,0.2398652136,0.2092398554,,,
1554967203.243594,0.3990170062,0.242802307,0.2136160433,,,
1554967203.848752,0.3250774741,0.1790664047,0.01344928332,,,
1554967204.453962,0.4069003761,0.2348440289,0.2097387165,,,
1554967205.059095,0.3949351907,0.2448167354,0.2150269449,,,
1554967205.664202,0.3996098638,0.2341846079,0.2162779272,,,
1554967206.269373,0.3997147679,0.2432782054,0.2097052783,,,
1554967206.874519,0.3945480287,0.2396040112,0.2154016495,,,
1554967207.479703,0.3989285529,0.2385810763,0.2091642022,,,
1554967208.084848,0.3913458288,0.2328457385,0.208908543,,,
1554967208.690007,0.3609656394,0.1297804117,0.003737094114,,,
1554967209.295152,0.3941353858,0.2354089767,0.2133253962,,,
1554967209.900298,0.402326405,0.2313984334,0.2028975785,,,
1554967210.505431,0.3959742785,0.2374912053,0.2063181698,,,
1554967211.110615,0.4050368071,0.2382222563,0.2084574252,,,
1554967211.715748,0.4063408375,0.2399207503,0.208026886,,,
1554967212.320919,0.4016185105,0.2273396254,0.2177363038,,,
1554967212.926052,0.4036740065,0.2402806133,0.2080345899,,,
1554967213.53121,0.4038631916,0.2370810211,0.2082572877,,,
1554967214.136368,0.4033726454,0.2438091785,0.2201461643,,,
1554967214.741527,0.4043933153,0.2335980982,0.2057213932,,,
1554967215.346685,0.4123019278,0.2409410775,0.2237648219,,,
1554967215.951869,0.4102044702,0.2462973744,0.2176681459,,,
1554967216.557015,0.4179353118,0.2419801205,0.2168416828,,,
1554967217.162135,0.4119727015,0.2410208136,0.2185735404,,,
1554967217.767306,0.4133661687,0.2534177601,0.211105004,,,
1554967218.372464,0.4076632261,0.237588048,0.2148110867,,,
1554967218.97761,0.4076053202,0.2330452502,0.2180264294,,,
1554967219.582768,0.407449156,0.242256552,0.2131360769,,,
1554967220.187914,0.4124598503,0.2456675172,0.2196766287,,,
1554967220.79306,0.4087832272,0.2406937182,0.2185181081,,,
1554967221.398205,0.4116791487,0.2493614554,0.2123519927,,,
1554967222.003351,0.4141847491,0.2401902378,0.2163111717,,,
1554967222.608509,0.4125322104,0.2451897711,0.2141056806,,,
1554967223.21368,0.4071986675,0.2479426712,0.2173061073,,,
1554967223.818851,0.410887748,0.2462537736,0.2103728801,,,
1554967224.423984,0.402104646,0.2408944219,0.2012799233,,,
1554967225.029168,0.4062522352,0.2336972654,0.2080703229,,,
1554967225.634275,0.4140957594,0.2352914065,0.1959944814,,,
1554967226.239434,0.4073903263,0.2370034009,0.2086432427,,,
1554967226.844605,0.4081256092,0.2451727092,0.2054553479,,,
1554967227.449802,0.4015833735,0.2428572327,0.207031101,,,
1554967228.054922,0.4109116793,0.2425735742,0.2136164457,,,
1554967228.660068,0.4174470305,0.2418923527,0.2102997154,,,
1554967229.265213,0.4130944908,0.2423335016,0.2146639377,,,
1554967229.870372,0.4061600268,0.2401238531,0.218061775,,,
1554967230.475517,0.4123493433,0.2466952205,0.2072043419,,,
1554967231.08065,0.412961334,0.2426626384,0.2107833326,,,
1554967231.685885,0.4145323932,0.2436929047,0.211780861,,,
1554967232.29098,0.4142366052,0.2369271368,0.2149491012,,,
1554967232.896138,0.4117937088,0.2458846569,0.2119825631,,,
1554967233.501296,0.4118609726,0.2462807596,0.2011886984,,,
1554967234.10648,0.4020005167,0.2391966134,0.2077596486,,,
1554967234.711587,0.4013653994,0.2399995029,0.2030801326,,,
1554967235.316784,0.4087472558,0.2392962128,0.2149842829,,,
1554967235.921891,0.4087753594,0.2392194718,0.2037937045,,,
1554967236.52705,0.4154854417,0.2429371327,0.2122893184,,,
1554967237.132195,0.4100510478,0.2461327165,0.1979051977,,,
1554967237.737392,0.3988843858,0.2370290607,0.2124659717,,,
1554967238.342538,0.4079637229,0.2404031008,0.1991558671,,,
1554967238.947671,0.3282637,0.04036211967,0.1100676283,,,
1554967239.552829,0.4052134454,0.2442087829,0.2003231347,,,
1554967240.158013,0.40816468,0.2403732389,0.213194862,,,
1554967240.76312,0.3968557417,0.233455345,0.2125696838,,,
1554967241.368292,0.404594183,0.2360681444,0.2049923092,,,
1554967241.973437,0.3789809644,0.1874422431,-0.002164346864,,,
1554967242.578595,0.4056824744,0.2380105704,0.2003592402,,,
1554967243.183754,0.4047201872,0.2384679615,0.2105437815,,,
1554967243.788887,0.4029870927,0.2457200438,0.2039424181,,,
1554967244.394045,0.4028502405,0.229132548,0.2135916799,,,
1554967244.999255,0.4059743583,0.2559530437,0.2040979266,,,
1554967245.200919,0.4222224355,0.2720039487,0.1998091191,,,
1554967245.402634,0.4382095337,0.2873826623,0.202668041,,,
1554967245.6044,0.4612183273,0.3003407419,0.2088929266,,,
1554967245.806077,0.493584156,0.3212630749,0.2108365148,,,
1554967246.00778,0.5342323184,0.3444215059,0.2155478299,,,
1554967246.210212,0.5884640813,0.3833159506,0.2198726535,,,
1554967246.411223,0.6543523669,0.4121792912,0.2308051884,,,
1554967246.814704,0.7868890762,0.4877998829,0.2549656928,,,
1554967247.218096,0.9169302583,0.5426576138,0.2601175606,,,
1554967247.419811,0.9834140539,0.5818092227,0.2577372491,,,
1554967247.621527,1.058593035,0.60544765,0.2553122342,,,
1554967247.823255,1.122550726,0.6344558001,0.2470032126,,,
1554967248.024983,1.185044408,0.6633689404,0.2421671003,,,
1554967248.226685,1.243487358,0.6954333782,0.2347724736,,,
1554967248.428413,1.277322769,0.6306666732,0.04607298598,,,
1554967248.630141,1.356839299,0.7619470954,0.2183160931,,,
1554967248.831856,1.420586109,0.7932814956,0.2113237232,,,
1554967249.033559,1.483722329,0.8296048045,0.2032465637,,,
1554967249.2353,1.547827721,0.866543591,0.1927096248,,,
1554967249.43704,1.617907286,0.9024842978,0.1884379983,,,
1554967249.638717,1.682674885,0.9359713793,0.189264372,,,
1554967249.840432,1.75260365,0.9682019353,0.18438375,,,
1554967250.042237,1.827185988,0.9897199869,0.1783992648,,,
1554967250.243876,1.899751186,0.9983627796,0.1757577211,,,
1554967250.445578,1.969377995,0.9996063113,0.1656630337,,,
1554967250.647293,2.028826952,1.001287937,0.160474658,,,
1554967250.849034,2.091961861,1.010959625,0.1514137834,,,
1554967251.050762,2.156580687,1.017844677,0.1428994387,,,
1554967251.45418,2.304366589,1.020775676,0.1329476684,,,
1554967251.85761,2.4324646,1.059819698,0.1170371473,,,
1554967252.059325,2.496948719,1.093610168,0.1129202545,,,
1554967252.462807,2.657335043,1.159134269,0.120112583,,,
1554967252.664496,2.734280348,1.192754149,0.1255625188,,,
1554967252.86625,2.80862236,1.227220893,0.1309653819,,,
1554967253.06794,2.815795422,1.162974834,-0.06015683711,,,
1554967253.26968,2.958810329,1.295993805,0.1162519157,,,
1554967253.471395,3.034382582,1.323754787,0.1103045419,,,
1554967253.673124,3.111434698,1.338821411,0.1025334746,,,
1554967253.8748,3.191424131,1.349499345,0.097434856,,,
1554967254.076503,3.265176773,1.356574416,0.1022130325,,,
1554967254.278218,3.334910631,1.369527459,0.1069282591,,,
1554967254.479971,3.39328599,1.375718236,0.1119068861,,,
1554967254.681661,3.456550121,1.387839794,0.1087049022,,,
1554967254.883389,3.523313046,1.40779233,0.09715624154,,,
1554967255.085104,3.595890284,1.43188417,0.09153655916,,,
1554967255.286819,3.664444685,1.455144286,0.08194419742,,,
1554967255.690301,3.787098646,1.494734883,0.06595461071,,,
1554967256.093693,3.910018682,1.527313232,0.05891403556,,,
1554967256.295421,3.977459669,1.540341973,0.06240956485,,,
1554967256.497123,4.048070431,1.554018617,0.0780660063,,,
1554967256.698877,4.115075588,1.572214961,0.08997840434,,,
1554967257.102282,4.235185623,1.611212373,0.0863802135,,,
1554967257.505776,4.334922791,1.63505137,0.07486639172,,,
1554967257.707504,4.381463528,1.635861158,0.06702507287,,,
1554967257.909156,4.426457405,1.632741332,0.05834337324,,,
1554967258.110858,4.459431171,1.625535727,0.05247399956,,,
1554967258.312586,4.490989685,1.612595916,0.04537080228,,,
1554967258.514288,4.520819664,1.599261284,0.03299856558,,,
1554967259.11946,4.590278625,1.616220117,0.01644990593,,,
1554967259.522928,4.660609722,1.649345398,0.04208147898,,,
1554967259.724618,4.703568935,1.661991835,0.05589687824,,,
1554967259.926333,4.745357037,1.670072913,0.06295376271,,,
1554967260.128061,4.785132885,1.675969839,0.06337672472,,,
1554967260.329776,4.819986343,1.678973436,0.06185634434,,,
1554967260.531504,4.848670006,1.68042767,0.06246486306,,,
1554967260.733437,4.869350433,1.689255238,0.06532165408,,,
1554967261.338365,4.899557114,1.714570165,0.0682695061,,,
1554967261.54008,4.915102005,1.718706489,0.07266044617,,,
1554967261.741808,4.934962749,1.725814223,0.06911681592,,,
1554967261.943498,4.962296963,1.723212361,0.06496840715,,,
1554967262.145252,4.995598316,1.724178076,0.0547597371,,,
1554967262.346941,5.025447369,1.720094919,0.04546878114,,,
1554967262.548656,5.046101093,1.714485168,0.04305237532,,,
1554967262.952112,5.071689129,1.709480286,0.06208528206,,,
1554967263.153827,5.085396767,1.704738259,0.06715530902,,,
1554967263.35553,5.094466686,1.712496996,0.07086005807,,,
1554967263.557309,5.103660107,1.721421838,0.06980347633,,,
1554967263.960701,5.123145103,1.741534948,0.06644181162,,,
1554967264.364119,5.151091099,1.747587562,0.06656843424,,,
1554967264.565834,5.171937466,1.755205512,0.06919651479,,,
1554967264.767562,5.191999912,1.75750351,0.06975251436,,,
1554967264.969316,5.219492435,1.750930429,0.06746302545,,,
1554967265.171031,5.253831863,1.731258988,0.06629946083,,,
1554967265.372695,5.292400837,1.705880165,0.06354942173,,,
1554967265.574423,5.315150738,1.687484026,0.06140584871,,,
1554967265.776138,5.328077316,1.657531977,0.05450425297,,,
1554967265.978685,5.335345745,1.620794535,0.05351239815,,,
1554967266.179645,5.329533577,1.575624466,0.04246595502,,,
1554967266.381309,5.32322216,1.522007942,0.03575157747,,,
1554967266.583639,5.332494259,1.456642509,0.03352131695,,,
1554967266.784739,5.348759651,1.391743183,0.02976498567,,,
1554967266.986506,5.382998943,1.32761085,0.02913705073,,,
1554967267.188183,5.420137405,1.26873064,0.02675665729,,,
1554967267.389885,5.457422733,1.211881161,0.03131435066,,,
1554967267.5916,5.502048969,1.15742135,0.03408864141,,,
1554967267.793315,5.543327808,1.114812732,0.03636047244,,,
1554967267.995044,5.587677002,1.068150878,0.0386925824,,,
1554967268.196772,5.626032829,1.016278982,0.03828454018,,,
1554967268.398512,5.672861099,0.9643793106,0.02113445662,,,
1554967268.600215,5.726397991,0.9107542038,0.007738435641,,,
1554967268.801917,5.778776646,0.8469635844,0.005809825379,,,
1554967269.003632,5.836283207,0.7825051546,0.01294856519,,,
1554967269.20536,5.888936996,0.7177664042,0.02191773802,,,
1554967269.407063,5.941707611,0.6517875791,0.03257923946,,,
1554967269.608778,5.988636971,0.5880377293,0.03523335606,,,
1554967269.810493,6.022340298,0.5213840604,0.0355190821,,,
1554967270.012221,6.054955482,0.4630557299,0.03908828273,,,
1554967270.213936,6.091608524,0.3997155726,0.04344439134,,,
1554967270.415652,6.133821011,0.3438787162,0.05007045344,,,
1554967270.617379,6.176820278,0.2951859236,0.05491216108,,,
1554967270.819146,6.222075939,0.2486167103,0.05800747126,,,
1554967271.020823,6.265602112,0.1887844503,0.06498965621,,,
1554967271.222525,6.307209969,0.1233170778,0.06630711257,,,
1554967271.424253,6.325541019,0.03354837373,0.01633801684,,,
1554967271.625968,6.359590054,-0.001287123538,0.08850898594,,,
1554967271.827696,6.392415524,-0.06516481191,0.09038701653,,,
1554967272.029424,6.42361927,-0.1278751045,0.08875177801,,,
1554967272.231127,6.454017639,-0.1974288672,0.08043079078,,,
1554967272.432829,6.484669209,-0.2656097114,0.07713038474,,,
1554967272.634839,6.514814854,-0.3419162929,0.07187524438,,,
1554967272.836336,6.551509857,-0.4189797044,0.06668437272,,,
1554967273.037987,6.583059311,-0.4828298092,0.06591127068,,,
1554967273.239703,6.610652924,-0.5370389819,0.06018832326,,,
1554967273.643133,6.689078331,-0.6674675941,0.03642523661,,,
1554967274.046576,6.75951004,-0.8097966313,0.02017557807,,,
1554967274.248304,6.793240547,-0.8786354661,0.01665172726,,,
1554967274.450007,6.829759598,-0.9448517561,0.01166228019,,,
1554967274.651722,6.860343456,-1.015167356,0.004018418957,,,
1554967274.853463,6.892690182,-1.08202219,-0.004601996392,,,
1554967275.055165,6.9252038,-1.146183968,-0.002545349067,,,
1554967275.458634,6.987579346,-1.27222836,0.004292661324,,,
1554967275.862051,7.04908371,-1.393742561,0.02504067682,,,
1554967276.063767,7.075527668,-1.461196899,0.03291877732,,,
1554967276.265469,7.102556705,-1.528286219,0.03227451071,,,
1554967276.467184,7.130243301,-1.595315337,0.02480800636,,,
1554967276.870627,7.184328556,-1.736566067,0.009970605373,,,
1554967277.274058,7.236330986,-1.873191118,0.01297123171,,,
1554967277.677514,7.304804802,-1.996030331,0.01429602504,,,
1554967278.080996,7.376909733,-2.14506197,0.008542081341,,,
1554967278.484362,7.433213234,-2.299970865,0.007213545963,,,
1554967278.887844,7.492786884,-2.446492434,0.0006022806047,,,
1554967279.291235,7.561879158,-2.584797621,0.003870242974,,,
1554967279.492964,7.592392445,-2.661798954,0.001965682022,,,
1554967279.896407,7.631896496,-2.813212156,-0.00680898875,,,
1554967280.299812,7.680898666,-2.945785284,-0.0132045038,,,
1554967280.703268,7.73724699,-3.082930088,-0.009873171337,,,
1554967281.106736,7.781463623,-3.220258951,0.002857328858,,,
1554967281.510141,7.848617554,-3.341404438,0.02279257588,,,
1554967281.91361,7.90471983,-3.469189167,0.03756976128,,,
1554967282.317002,7.954323292,-3.595128298,0.03146544099,,,
1554967282.720458,7.988501072,-3.748520136,0.03632469103,,,
1554967283.123901,8.047307014,-3.891218662,0.05704446882,,,
1554967283.527319,8.106402397,-4.032901287,0.06976574659,,,
1554967283.930749,8.164120674,-4.174879074,0.07982010394,,,
1554967284.334244,8.221290588,-4.28771162,0.09291280061,,,
1554967284.535908,8.24768734,-4.340879917,0.09650028497,,,
1554967284.939338,8.29036808,-4.477374077,0.09582908452,,,
1554967285.141053,8.309875488,-4.549687862,0.09140557796,,,
1554967285.544509,8.346209526,-4.720547676,0.07014732063,,,
1554967285.947914,8.394891739,-4.879670143,0.04692432657,,,
1554967286.351357,8.451171875,-5.023811817,0.03732035682,,,
1554967286.553111,8.47707653,-5.087826729,0.02611580491,,,
1554967286.754826,8.499253273,-5.155831337,0.01795413904,,,
1554967287.158231,8.552446365,-5.289072514,0.01734894328,,,
1554967287.360048,8.581367493,-5.35601902,0.02622345649,,,
1554967287.763402,8.642217636,-5.478423595,0.05407937244,,,
1554967288.166845,8.711983681,-5.576201439,0.07551671565,,,
1554967288.368547,8.748158455,-5.643304348,0.08694578707,,,
1554967288.57025,8.779650688,-5.731015682,0.09721853584,,,
1554967288.97368,8.827092171,-5.895674229,0.1069841608,,,
1554967289.377136,8.87129879,-6.044773102,0.1046745926,,,
1554967289.78058,8.924529076,-6.178375721,0.08098091185,,,
1554967290.183997,8.982593536,-6.312063217,0.03985252976,,,
1554967290.385763,9.008113861,-6.379536629,0.02825623564,,,
1554967290.78922,9.074980736,-6.534184456,0.0168949347,,,
1554967291.192586,9.134911537,-6.688475132,0.03333910555,,,
1554967291.394314,9.159845352,-6.762135983,0.04565041512,,,
1554967291.596413,9.178702354,-6.827207565,0.06066212803,,,
1554967291.79841,9.204021454,-6.895816803,0.07042006403,,,
1554967292.201188,9.250804901,-7.028765678,0.06894053519,,,
1554967292.402915,9.262709618,-7.090782642,0.06545783579,,,
1554967292.806333,9.280619621,-7.245735645,0.06694114208,,,
1554967293.008061,9.292037964,-7.325489521,0.07014749199,,,
1554967293.209776,9.308594704,-7.395653725,0.07525662333,,,
1554967293.411504,9.326254845,-7.456497192,0.07373975217,,,
1554967293.613194,9.352298737,-7.507318974,0.0711800158,,,
1554967293.814999,9.38045311,-7.555082798,0.06954759359,,,
1554967294.016663,9.404003143,-7.602694511,0.06607139111,,,
1554967294.218391,9.423884392,-7.654035091,0.06389398873,,,
1554967294.420068,9.446035385,-7.707125187,0.06184588745,,,
1554967294.621783,9.470592499,-7.759077549,0.06631485373,,,
1554967295.025226,9.523786545,-7.854352951,0.07384841144,,,
1554967295.226954,9.551245689,-7.902962685,0.08137987554,,,
1554967295.428669,9.576721191,-7.947686672,0.08895923942,,,
1554967295.630397,9.607748032,-7.991237164,0.09221109748,,,
1554967295.832099,9.635914803,-8.039895058,0.08405082673,,,
1554967296.437258,9.694636345,-8.161441803,0.08664052188,,,
1554967296.840688,9.727091789,-8.245531082,0.1007046551,,,
1554967297.042403,9.742889404,-8.29119873,0.1115115359,,,
1554967297.244132,9.767932892,-8.340402603,0.1172347739,,,
1554967297.445847,9.788080215,-8.389490128,0.1127279475,,,
1554967297.647562,9.806189537,-8.439827919,0.1059223488,,,
1554967297.84929,9.825213432,-8.4914217,0.09700001031,,,
1554967298.051005,9.843922615,-8.52748394,0.08853586763,,,
1554967298.252707,9.855825424,-8.562147141,0.07083922625,,,
1554967298.454589,9.866780281,-8.592747688,0.06027559191,,,
1554967298.65665,9.872276306,-8.623612404,0.05107824877,,,
1554967298.857892,9.874261856,-8.648901939,0.04716485739,,,
1554967299.059632,9.877652168,-8.667280197,0.04935221002,,,
1554967299.261296,9.879169464,-8.683686256,0.05416962877,,,
1554967299.463012,9.880251884,-8.701832771,0.05968191847,,,
1554967299.665546,9.884494781,-8.717799187,0.07032673806,,,
1554967299.866455,9.889995575,-8.733730316,0.08669806272,,,
1554967300.06817,9.894256592,-8.757302284,0.09636811912,,,
1554967300.269898,9.900905609,-8.790499687,0.1058253869,,,
1554967300.673328,9.907752037,-8.856059074,0.1143520325,,,
1554967301.076836,9.910821915,-8.923006058,0.1189999208,,,
1554967301.681904,9.94208622,-8.996525764,0.1129236296,,,
1554967301.883696,9.955807686,-9.020523071,0.1133445948,,,
1554967302.085373,9.967644691,-9.043496132,0.1136043891,,,
1554967302.287076,9.980859756,-9.070842743,0.1136674061,,,
1554967302.488778,9.994175911,-9.102851868,0.1138749272,,,
1554967302.690506,10.00778866,-9.150343895,0.1147260591,,,
1554967302.892234,10.02878475,-9.206431389,0.1136052385,,,
1554967303.093949,10.05431271,-9.273533821,0.1123397052,,,
1554967303.295651,10.08426762,-9.356966972,0.1136525124,,,
1554967303.49738,10.11909103,-9.450849533,0.1135430261,,,
1554967303.69912,10.15734005,-9.540873528,0.1114166975,,,
1554967303.900797,10.189641,-9.630719185,0.1167542413,,,
1554967304.102538,10.22347641,-9.722464561,0.1238978803,,,
1554967304.30424,10.25983047,-9.804617882,0.1230717003,,,
1554967304.505968,10.29794979,-9.877031326,0.1171477735,,,
1554967304.909399,10.35851383,-10.02247334,0.1125322729,,,
1554967305.312842,10.4063921,-10.1596117,0.09851441532,,,
1554967305.716285,10.45087528,-10.29419899,0.08064353466,,,
1554967306.119728,10.50366116,-10.41708279,0.07973389328,,,
1554967306.523159,10.53874969,-10.54022694,0.09546744823,,,
1554967306.724925,10.55527973,-10.60139179,0.09976257384,,,
1554967306.926576,10.57877731,-10.65697193,0.1075055972,,,
1554967307.330032,10.62236977,-10.78691864,0.1191064268,,,
1554967307.531773,10.63937283,-10.8602581,0.1268030703,,,
1554967307.935524,10.6843462,-10.99067307,0.1324579716,,,
1554967308.338621,10.72584248,-11.0800848,0.1255793273,,,
1554967308.742052,10.76845741,-11.17940331,0.1261103302,,,
1554967309.145482,10.81269932,-11.33080864,0.1254803836,,,
1554967309.548912,10.87712574,-11.49944687,0.1263079643,,,
1554967309.952343,10.92779446,-11.65515232,0.1469974518,,,
1554967310.355812,10.9577322,-11.7943058,0.1669277996,,,
1554967310.759216,11.00101185,-11.91175938,0.1557870507,,,
1554967311.162647,11.06849575,-12.04461098,0.1391967237,,,
1554967311.566077,11.14476013,-12.18046665,0.1614076942,,,
1554967311.96952,11.19553566,-12.32069778,0.1820440292,,,
1554967312.171236,11.21921444,-12.39628315,0.1856022328,,,
1554967312.574717,11.26869106,-12.53133202,0.1779589951,,,
1554967312.978109,11.31301212,-12.67419243,0.1751729995,,,
1554967313.38154,11.36354733,-12.83360386,0.1662689447,,,
1554967313.784983,11.4159174,-12.99119091,0.1669730395,,,
1554967314.188643,11.46896172,-13.12043095,0.1687975675,,,
1554967314.591856,11.52985001,-13.2587719,0.1749742031,,,
1554967314.9953,11.59770298,-13.39161777,0.179242909,,,
1554967315.398743,11.66089249,-13.53545189,0.1738179326,,,
1554967315.802199,11.69971085,-13.69299698,0.1658495665,,,
1554967316.003914,11.7207613,-13.77251053,0.1675481796,,,
1554967316.205616,11.74312401,-13.84344959,0.1658931524,,,
1554967316.609047,11.78706074,-13.97576714,0.1631423235,,,
1554967317.012516,11.84310341,-14.10681152,0.172088623,,,
1554967317.415895,11.8886404,-14.23338318,0.1763265133,,,
1554967317.819351,11.91146851,-14.35877037,0.1804323494,,,
1554967318.021079,11.92690277,-14.41400337,0.1821179837,,,
1554967318.222768,11.946311,-14.47490597,0.1793591231,,,
1554967318.626224,11.97547722,-14.58925819,0.1713775545,,,
1554967318.82794,11.99083614,-14.64025211,0.1728395522,,,
1554967319.231434,12.01639462,-14.75623417,0.1837801784,,,
1554967319.634813,12.04787254,-14.86146355,0.1894639134,,,
1554967320.239971,12.08179188,-14.98005104,0.1877317429,,,
1554967320.643376,12.10387135,-15.08779716,0.1962659806,,,
1554967320.845117,12.12070751,-15.15395069,0.2001291662,,,
1554967321.04728,12.14189053,-15.22704887,0.2063164562,,,
1554967321.24856,12.17198563,-15.302001,0.2118742913,,,
1554967321.450275,12.19772053,-15.37547684,0.2209924161,,,
1554967321.651978,12.21852207,-15.44015598,0.2247324437,,,
1554967321.853693,12.24735832,-15.50739384,0.2283673882,,,
1554967322.055408,12.2805481,-15.57234097,0.2314759046,,,
1554967322.257213,12.31129169,-15.62983418,0.2329164445,,,
1554967322.660592,12.37377167,-15.73710251,0.2370491624,,,
1554967323.06401,12.41873837,-15.84361076,0.2402774692,,,
1554967323.467427,12.4574213,-15.95706654,0.2346524,,,
1554967323.870871,12.47805119,-16.06541252,0.2185256779,,,
1554967324.274404,12.50105,-16.16229439,0.2105620652,,,
1554967324.678103,12.53571606,-16.25661659,0.2239697576,,,
1554967325.081175,12.55329037,-16.34557915,0.2351630628,,,
1554967325.484618,12.57186985,-16.4157753,0.2330500931,,,
1554967326.089763,12.62714195,-16.53598785,0.2334401309,,,
1554967326.493207,12.67741394,-16.64634514,0.2431157678,,,
1554967326.694922,12.70006657,-16.71209145,0.2545712292,,,
1554967326.89665,12.71979237,-16.77676392,0.2567812502,,,
1554967327.098416,12.7461071,-16.84072113,0.2593040466,,,
1554967327.300106,12.77716255,-16.908041,0.2618365288,,,
1554967327.501796,12.80938721,-16.98247528,0.2658258975,,,
1554967327.703549,12.84460735,-17.06178856,0.2757135332,,,
1554967327.905226,12.87756443,-17.1411953,0.275080055,,,
1554967328.106941,12.90859318,-17.21965218,0.2647048533,,,
1554967328.308682,12.9362154,-17.2976284,0.2580454648,,,
1554967328.712087,12.99336433,-17.44378853,0.2652899027,,,
1554967329.115556,13.04020119,-17.59288979,0.2691374719,,,
1554967329.51896,13.09816933,-17.73097801,0.2542565465,,,
1554967329.922404,13.16150761,-17.87146759,0.2347469628,,,
1554967330.325847,13.2351799,-18.00414276,0.2341547906,,,
1554967330.72929,13.29011917,-18.11808395,0.2510083914,,,
1554967331.132912,13.34440231,-18.22737312,0.2672742009,,,
1554967331.536202,13.40321255,-18.34145546,0.2649903893,,,
1554967331.939594,13.46193886,-18.47451401,0.2714491785,,,
1554967332.34305,13.51247215,-18.62248611,0.2860284448,,,
1554967332.746455,13.5779953,-18.76656151,0.2878822684,,,
1554967332.94817,13.61641979,-18.83215714,0.2774372399,,,
1554967333.351626,13.6883564,-18.99044418,0.274633348,,,
1554967333.755044,13.75848103,-19.1302166,0.2841710746,,,
1554967334.158487,13.80054855,-19.25252342,0.2858022451,,,
1554967334.561917,13.83214664,-19.39255333,0.2787268162,,,
1554967334.965348,13.8836298,-19.5414753,0.2792308927,,,
1554967335.368804,13.93548393,-19.69286346,0.2772006094,,,
1554967335.773079,14.0093956,-19.8313446,0.2799773216,,,
1554967335.973936,14.04973507,-19.89334869,0.2871676981,,,
1554967336.377367,14.11692047,-20.03136253,0.2946277857,,,
1554967336.78081,14.15995312,-20.16720963,0.301825285,,,
1554967337.184253,14.19918156,-20.31162834,0.3102305233,,,
1554967337.587965,14.25203896,-20.46787262,0.3014070392,,,
1554967337.991127,14.30416107,-20.61188316,0.2956799865,,,
1554967338.394557,14.35794258,-20.73830032,0.3169471622,,,
1554967338.798026,14.42301083,-20.84469223,0.3403204978,,,
1554967339.201469,14.48514271,-20.97119713,0.3474053442,,,
1554967339.604874,14.52620316,-21.12233925,0.3141944408,,,
1554967340.008304,14.56594944,-21.27622604,0.2691582739,,,
1554967340.411799,14.62927818,-21.42285156,0.2564833462,,,
1554967340.815165,14.69202805,-21.57567024,0.2829220295,,,
1554967341.218608,14.74575996,-21.71554756,0.3110755682,,,
1554967341.622039,14.79035664,-21.84293175,0.3230794966,,,
1554967342.025482,14.82516098,-21.94983101,0.3313045502,,,
1554967342.428912,14.87268829,-22.07373047,0.3388127983,,,
1554967342.630628,14.89926624,-22.14080429,0.3500347733,,,
1554967343.034071,14.9554224,-22.27267647,0.3474396467,,,
1554967343.437501,15.01894474,-22.43108368,0.3397200406,,,
1554967343.639216,15.05764961,-22.51749611,0.3364273608,,,
1554967344.042647,15.13670731,-22.669981,0.3378519714,,,
1554967344.446077,15.2034359,-22.82565498,0.3585237563,,,
1554967344.84952,15.25302219,-22.97086334,0.3586143553,,,
1554967345.252951,15.2814045,-23.10522461,0.3562226892,,,
1554967345.656407,15.30613327,-23.23479462,0.3550637066,,,
1554967346.059837,15.35731411,-23.35396385,0.3639013767,,,
1554967346.463268,15.41226292,-23.48264122,0.37300089,,,
1554967346.866698,15.47667408,-23.61904144,0.3733482361,,,
1554967347.270167,15.53942108,-23.76454163,0.3762071133,,,
1554967347.673572,15.58818626,-23.91346169,0.3806045949,,,
1554967348.077002,15.63823414,-24.05730438,0.3801295161,,,
1554967348.480445,15.67971992,-24.21081352,0.3705560565,,,
1554967348.883876,15.71353436,-24.3723793,0.3685795963,,,
1554967349.287319,15.76634789,-24.51251602,0.3757452667,,,
1554967349.69185,15.83588409,-24.63863373,0.3995925188,,,
1554967349.892515,15.86487675,-24.6934948,0.4114254713,,,
1554967350.094192,15.88782024,-24.75429344,0.4244392812,,,
1554967350.295907,15.91078568,-24.88303566,0.3800086379,,,
1554967350.699338,15.9328804,-24.96849632,0.4318727255,,,
1554967351.102794,15.95766354,-25.11967087,0.4322369397,,,
1554967351.304509,15.97763634,-25.19357109,0.4368332624,,,
1554967351.50625,15.9997921,-25.26608849,0.4371867478,,,
1554967351.909655,16.04323006,-25.3974247,0.4439389408,,,
1554967352.111357,16.06668854,-25.45372963,0.451780498,,,
1554967352.313085,16.08293152,-25.51901817,0.4591881633,,,
1554967352.5148,16.09898949,-25.59045792,0.4600075185,,,
1554967352.918243,16.12072754,-25.73580742,0.4618437588,,,
1554967353.321687,16.16640854,-25.86349678,0.4625638127,,,
1554967353.523415,16.17626572,-25.92335701,0.4700244963,,,
1554967353.725104,16.18962097,-25.99050522,0.4689479172,,,
1554967353.92682,16.20435905,-26.05132103,0.47529158,,,
1554967354.128637,16.22425079,-26.11656952,0.4864204824,,,
1554967354.330314,16.24034309,-26.19084167,0.4975962937,,,
1554967354.531991,16.24088478,-26.26625633,0.5100489259,,,
1554967354.935421,16.22379684,-26.40783501,0.5323672891,,,
1554967355.137149,16.21876907,-26.47267532,0.5253565311,,,
1554967355.338839,16.22717094,-26.53554726,0.5156351328,,,
1554967355.540592,16.24114227,-26.58965492,0.5091475844,,,
1554967355.742282,16.26308632,-26.64488602,0.5069776177,,,
1554967355.94401,16.29301453,-26.7078476,0.506211102,,,
1554967356.145738,16.3237133,-26.77158546,0.5067639947,,,
1554967356.347428,16.36115265,-26.83737373,0.5040307045,,,
1554967356.549155,16.40612602,-26.90680313,0.4991176724,,,
1554967356.751076,16.44849014,-26.97604752,0.4938544631,,,
1554967356.952586,16.48511314,-27.03766251,0.485684216,,,
1554967357.154378,16.51393509,-27.10347748,0.481153667,,,
1554967357.356029,16.53903198,-27.17028999,0.4801904857,,,
1554967357.557744,16.56874084,-27.23221588,0.4759594798,,,
1554967357.759459,16.60334969,-27.29864883,0.4795096517,,,
1554967358.162915,16.66662788,-27.43883133,0.4874737561,,,
1554967358.566346,16.74656677,-27.5756073,0.4837587774,,,
1554967358.96984,16.81139374,-27.71245956,0.4735449553,,,
1554967359.373284,16.86600494,-27.84944916,0.4735839963,,,
1554967359.776637,16.9185524,-27.98069191,0.4865623713,,,
1554967360.180068,16.98900604,-28.11935997,0.5084502697,,,
1554967360.583549,17.06070709,-28.26404762,0.5017004013,,,
1554967360.987069,17.11424255,-28.39909744,0.5000500679,,,
1554967361.390372,17.16243935,-28.53650284,0.5079072714,,,
1554967361.793815,17.2202816,-28.6790657,0.5060980916,,,
1554967361.995581,17.25648308,-28.74955368,0.5051701665,,,
1554967362.398973,17.33600998,-28.87657166,0.5197249055,,,
1554967362.802429,17.3945446,-28.99007607,0.5282490253,,,
1554967363.205898,17.44638062,-29.13522148,0.5204256177,,,
1554967363.609277,17.48359489,-29.2843914,0.5111159086,,,
1554967364.01272,17.55037117,-29.44281197,0.5260572433,,,
1554967364.416202,17.625494,-29.60919571,0.5387360454,,,
1554967364.819594,17.67453957,-29.74018288,0.5407993793,,,
1554967365.223011,17.71245193,-29.86641121,0.5174639821,,,
1554967365.424803,17.73103714,-29.92168427,0.5284423232,,,
1554967365.828196,17.78630829,-30.03334045,0.5400119424,,,
1554967366.231652,17.84744072,-30.16878891,0.5461781621,,,
1554967366.635044,17.89853096,-30.33027649,0.5401771069,,,
1554967366.836771,17.91930389,-30.40990829,0.5334379077,,,
1554967367.0385,17.94128227,-30.48522377,0.5354838967,,,
1554967367.441917,17.98618889,-30.62572289,0.542766273,,,
1554967367.643632,18.00574684,-30.69119263,0.5430518985,,,
1554967368.047076,18.06085587,-30.82083893,0.5456782579,,,
1554967368.450519,18.10464668,-30.96639824,0.5538497567,,,
1554967368.853936,18.14440727,-31.11057854,0.5470026135,,,
1554967369.055677,18.16613197,-31.17780685,0.5423598886,,,
1554967369.257367,18.19178581,-31.246315,0.535816133,,,
1554967369.459146,18.21392632,-31.3164959,0.5361112356,,,
1554967369.660874,18.23610306,-31.38978195,0.5398138762,,,
1554967369.86337,18.2539463,-31.45844269,0.550650537,,,
1554967370.06424,18.27385139,-31.52604866,0.5584563613,,,
1554967370.265981,18.2928257,-31.60038376,0.5589189529,,,
1554967370.467735,18.30658531,-31.67694855,0.5573427081,,,
1554967370.669437,18.32106018,-31.74769402,0.5502206683,,,
1554967370.871114,18.32995796,-31.82125664,0.5521228909,,,
1554967371.072829,18.28739548,-31.99925041,0.5005998015,,,
1554967371.274583,18.33719635,-31.96669006,0.5583763719,,,
1554967371.476311,18.33894348,-32.03991318,0.5626685023,,,
1554967371.678013,18.34228706,-32.10960007,0.5662018061,,,
1554967371.879715,18.34549141,-32.17382812,0.5638161898,,,
1554967372.081418,18.34932518,-32.23610687,0.5675911903,,,
1554967372.283146,18.34766197,-32.30870819,0.5692424178,,,
1554967372.484861,18.34807014,-32.37553406,0.5675315857,,,
1554967372.687434,18.35224533,-32.44614029,0.5693325996,,,
1554967372.888304,18.35241508,-32.51969147,0.5733010769,,,
1554967373.090647,18.35455894,-32.59664917,0.5743299723,,,
1554967373.49345,18.3599453,-32.73803329,0.5806499124,,,
1554967373.896919,18.3670826,-32.87142944,0.5898792148,,,
1554967374.300375,18.36750984,-33.02752304,0.5775109529,,,
1554967374.703767,18.36991119,-33.19029236,0.5859931111,,,
1554967375.107235,18.37002754,-33.34104919,0.5898644924,,,
1554967375.510653,18.3710804,-33.47353745,0.5943379402,,,
1554967375.914058,18.37417984,-33.59627533,0.6014480591,,,
1554967376.317501,18.37841415,-33.70020294,0.5990975499,,,
1554967376.720932,18.37576866,-33.80715942,0.6030189395,,,
1554967376.922672,18.36873245,-33.85755157,0.6059846282,,,
1554967377.1244,18.3613739,-33.90492249,0.6071406603,,,
1554967377.326077,18.35889244,-33.95605469,0.604998827,,,
1554967377.729533,18.36799812,-34.05282211,0.6014244556,,,
1554967378.145111,18.3675251,-34.14123535,0.6007767916,,,
1554967378.536394,18.35534668,-34.18616867,0.6032135487,,,
1554967378.738096,18.35349655,-34.20968628,0.6021438837,,,
1554967378.939914,18.3533268,-34.24104309,0.600451231,,,
1554967379.141565,18.35080147,-34.27637482,0.5932973623,,,
1554967379.343332,18.34928131,-34.31429291,0.5892586112,,,
1554967379.746749,18.34649086,-34.37858963,0.5963469148,,,
1554967380.150128,18.36070442,-34.44450378,0.6026303172,,,
1554967380.553571,18.37015724,-34.50717163,0.5984819531,,,
1554967380.957002,18.36083603,-34.54639435,0.6015137434,,,
1554967381.562596,18.34342957,-34.59266281,0.5988345742,,,
1554967382.167319,18.33224106,-34.63625717,0.5956048965,,,
1554967382.77249,18.33224106,-34.67434692,0.5899845958,,,
1554967383.377623,18.32691002,-34.71126175,0.5926408172,,,
1554967383.579338,18.31648445,-34.73667908,0.5974429846,,,
1554967383.781091,18.30163383,-34.77026749,0.5994227529,,,
1554967383.982768,18.27474785,-34.80036163,0.5985717177,,,
1554967384.185098,18.23445511,-34.83370972,0.5985773206,,,
1554967384.386212,18.1800499,-34.86328506,0.5940823555,,,
1554967384.587927,18.1268959,-34.88209534,0.5833414793,,,
1554967384.789642,18.06710434,-34.89077759,0.5795540214,,,
1554967384.9916,18.0068779,-34.90096664,0.575768888,,,
1554967385.193085,17.94529724,-34.90219879,0.5751491785,,,
1554967385.3948,17.88600159,-34.91032028,0.5746896267,,,
1554967385.596554,17.83094978,-34.92509842,0.5830068588,,,
1554967385.798231,17.77820969,-34.95711517,0.5936703682,,,
1554967385.999997,17.72444534,-35.00336075,0.5968153477,,,
1554967386.201674,17.66805649,-35.05901337,0.6004530787,,,
1554967386.403415,17.61923218,-35.11744308,0.6001024842,,,
1554967386.605104,17.56267357,-35.17728043,0.5999730229,,,
1554967386.806819,17.51540947,-35.23635483,0.5963225961,,,
1554967387.008535,17.46030045,-35.30200958,0.5952497721,,,
1554967387.210288,17.40386963,-35.36775589,0.5923897028,,,
1554967387.411991,17.35013008,-35.42378235,0.5924034119,,,
1554967387.613859,17.29582405,-35.46468735,0.5902948976,,,
1554967387.815421,17.23664093,-35.49156952,0.5964019895,,,
1554967388.017136,17.17247391,-35.51706314,0.6069985628,,,
1554967388.218864,17.11993217,-35.53540421,0.6228673458,,,
1554967388.420592,17.06939888,-35.56570053,0.6387752295,,,
1554967388.622295,17.01646233,-35.5945015,0.6470609307,,,
1554967388.823984,16.95711708,-35.62629318,0.6509421468,,,
1554967389.025853,16.89479065,-35.66154099,0.6574503779,,,
1554967389.227466,16.8315506,-35.69848251,0.664844811,,,
1554967389.630909,16.71362877,-35.80604935,0.6650297642,,,
1554967389.832599,16.65162468,-35.85860825,0.6619198918,,,
1554967390.034301,16.58852959,-35.90919113,0.657212019,,,
1554967390.236042,16.52729797,-35.96051025,0.6582491398,,,
1554967390.437757,16.46157455,-36.00357819,0.6555835605,,,
1554967390.639524,16.3967247,-36.03110123,0.6556925178,,,
1554967390.841187,16.33154488,-36.05489731,0.6582334638,,,
1554967391.04289,16.26614952,-36.08316803,0.6609968543,,,
1554967391.245744,16.20090103,-36.10664368,0.6517422795,,,
1554967391.44632,16.13918304,-36.1307106,0.6409747005,,,
1554967391.648087,16.06720161,-36.15612793,0.6396369934,,,
1554967391.856586,15.99799633,-36.18728638,0.6435647607,,,
1554967392.051479,15.93719006,-36.21764374,0.6440104842,,,
1554967392.253258,15.87201118,-36.25590897,0.6443600655,,,
1554967392.656637,15.73272228,-36.32504272,0.6545875669,,,
1554967393.060093,15.59953499,-36.38965988,0.6615919471,,,
1554967393.261796,15.52616024,-36.42276001,0.6578791142,,,
1554967393.665226,15.38934803,-36.49184418,0.6388639212,,,
1554967394.068669,15.25875092,-36.5647316,0.6389915347,,,
1554967394.472112,15.12058067,-36.6299324,0.6454823613,,,
1554967394.875556,14.9672451,-36.70000076,0.6624079347,,,
1554967395.278999,14.827631,-36.76612473,0.6801972389,,,
1554967395.480688,14.76494789,-36.79780197,0.6754570603,,,
1554967395.884119,14.64304352,-36.85472488,0.6562063098,,,
1554967396.287562,14.50863266,-36.93667221,0.6628113389,,,
1554967396.690992,14.36132908,-37.00868225,0.669259131,,,
1554967397.094435,14.22070694,-37.03998184,0.6782541871,,,
1554967397.497866,14.08652115,-37.08924866,0.6836128235,,,
1554967397.901322,13.96084309,-37.1378746,0.6816035509,,,
1554967398.305303,13.83143044,-37.19954681,0.6697851419,,,
1554967398.708183,13.70131111,-37.25117493,0.6740322709,,,
1554967399.111613,13.56375504,-37.30809402,0.6844168901,,,
1554967399.515069,13.42137814,-37.37093353,0.6863157749,,,
1554967399.918487,13.2804718,-37.42907333,0.6901050806,,,
1554967400.321981,13.14055634,-37.4937439,0.7072843313,,,
1554967400.725348,13.00479412,-37.5672226,0.7099231482,,,
1554967401.128778,12.87081146,-37.61775589,0.7008346915,,,
1554967401.532221,12.7303915,-37.66155624,0.6954700947,,,
1554967401.733936,12.66114235,-37.68248749,0.7006813288,,,
1554967402.137367,12.51082897,-37.74649811,0.7084425688,,,
1554967402.54081,12.3725996,-37.827034,0.7005200386,,,
1554967402.944253,12.23781967,-37.9026947,0.7040125132,,,
1554967403.347683,12.09747696,-37.93706512,0.716876924,,,
1554967403.549412,12.02997494,-37.95591736,0.7226807475,,,
1554967403.952829,11.88912964,-37.99094391,0.7304158211,,,
1554967404.356323,11.75630379,-38.04854584,0.7254544497,,,
1554967404.557975,11.6796627,-38.08239365,0.7223625779,,,
1554967404.961431,11.53418636,-38.13398743,0.7220671177,,,
1554967405.364874,11.39188766,-38.16885757,0.7475495934,,,
1554967405.768279,11.25682545,-38.20373535,0.7440394163,,,
1554967406.171747,11.11318302,-38.26186371,0.7547804713,,,
1554967406.575178,10.96186447,-38.3399086,0.7638373971,,,
1554967406.978621,10.8355608,-38.39385986,0.7618157864,,,
1554967407.382051,10.70197582,-38.43928146,0.7654570937,,,
1554967407.785469,10.5562458,-38.48879242,0.763551116,,,
1554967407.987645,10.47681427,-38.51696396,0.7644739151,,,
1554967408.390666,10.32444572,-38.54979324,0.7844371796,,,
1554967408.794058,10.17971039,-38.59837723,0.7916321158,,,
1554967409.197514,10.04191017,-38.65108109,0.7757306695,,,
1554967409.600931,9.896645546,-38.71662903,0.7838438749,,,
1554967410.004362,9.767339706,-38.78662491,0.7919887304,,,
1554967410.206103,9.706245422,-38.82666397,0.7932102084,,,
1554967410.609546,9.560705185,-38.89503479,0.8139474392,,,
1554967411.012951,9.428466797,-38.93946075,0.8336558938,,,
1554967411.41642,9.299473763,-38.97373962,0.8290125132,,,
1554967411.81985,9.167027473,-38.99268723,0.8252975941,,,
1554967412.223306,9.02304554,-39.02978897,0.8193166852,,,
1554967412.626749,8.869791031,-39.08645248,0.8236222267,,,
1554967413.030167,8.728823662,-39.15630722,0.8354753852,,,
1554967413.433572,8.590273857,-39.22395706,0.8534376025,,,
1554967413.837104,8.450201035,-39.27403259,0.8660594225,,,
1554967414.240471,8.311519623,-39.31612015,0.8732740879,,,
1554967414.643876,8.16968441,-39.33287811,0.8714037538,,,
1554967415.047306,8.023900986,-39.36969757,0.8780278563,,,
1554967415.450749,7.875826359,-39.43250275,0.8843291998,,,
1554967415.85418,7.733948708,-39.47914505,0.8844062686,,,
1554967416.257661,7.595251083,-39.51252747,0.8708317876,,,
1554967416.661053,7.470360756,-39.54421234,0.8645063639,,,
1554967417.064483,7.345788956,-39.58528519,0.8867356777,,,
1554967417.467927,7.20938921,-39.63389969,0.89950037,,,
1554967417.871357,7.063821316,-39.69637299,0.9163642526,,,
1554967418.2748,6.916666508,-39.78098679,0.922333777,,,
1554967418.678231,6.769798756,-39.84472656,0.9347531796,,,
1554967419.081661,6.620171547,-39.88395691,0.9347077012,,,
1554967419.485104,6.480050087,-39.89198303,0.9467498064,,,
1554967419.888535,6.342905998,-39.90394211,0.9595618248,,,
1554967420.291978,6.189595699,-39.9504509,0.95883286,,,
1554967420.695408,6.04257822,-40.00322723,0.9553388357,,,
1554967421.098839,5.904428005,-40.06253052,0.9540023208,,,
1554967421.502282,5.785104752,-40.13142014,0.9714747667,,,
1554967421.905712,5.650743961,-40.17406845,0.9908477664,,,
1554967422.309143,5.508077145,-40.21268845,0.9981784225,,,
1554967422.510884,5.42869091,-40.24026108,0.9942062497,,,
1554967422.712611,5.346112728,-40.26029205,0.9929276705,,,
1554967422.91434,5.271140575,-40.27769089,0.9931493402,,,
1554967423.116042,5.194632053,-40.29847717,0.9957700968,,,
1554967423.317744,5.118919373,-40.31708527,0.999260366,,,
1554967423.519459,5.054280758,-40.33038712,1.00024271,,,
1554967423.721239,4.988795757,-40.34545898,1.002068639,,,
1554967423.922903,4.925976276,-40.3583374,0.9986333847,,,
1554967424.124618,4.868201733,-40.36616898,0.9905002713,,,
1554967424.326333,4.80660677,-40.36899185,0.9728334546,,,
1554967424.729776,4.66601944,-40.39480591,0.946639955,,,
1554967425.133207,4.518975735,-40.45178223,0.9583564997,,,
1554967425.334922,4.451453686,-40.47774506,0.9767915606,,,
1554967425.536663,4.381524086,-40.50363159,1.002644658,,,
1554967425.738378,4.300542831,-40.52455902,1.024737,,,
1554967426.141808,4.14556551,-40.56637573,1.042060375,,,
1554967426.343524,4.070559025,-40.57647324,1.036016464,,,
1554967426.545239,4.000386238,-40.58160019,1.034042478,,,
1554967426.746979,3.935023069,-40.58055496,1.031024933,,,
1554967426.948861,3.874988794,-40.59142303,1.02870369,,,
1554967427.150397,3.81699872,-40.59811783,1.036924601,,,
1554967427.352112,3.759100437,-40.60152817,1.041898966,,,
1554967427.75553,3.652519226,-40.61943436,1.052287459,,,
1554967428.160228,3.559187174,-40.6393013,1.056197882,,,
1554967428.562416,3.476701975,-40.64323807,1.061725616,,,
1554967428.965872,3.384719133,-40.65284729,1.069909453,,,
1554967429.36929,3.308816671,-40.66717529,1.069218397,,,
1554967429.77272,3.246783018,-40.6699028,1.068763971,,,
1554967430.176279,3.195923567,-40.67323303,1.080085039,,,
1554967430.579594,3.144304514,-40.67207718,1.073034763,,,
1554967431.18474,3.068911791,-40.69100952,1.076702476,,,
1554967431.789885,3.006975174,-40.70161057,1.104840279,,,
1554967432.395044,2.966820717,-40.69935989,1.102159858,,,
1554967433.000215,2.897605658,-40.71004868,1.090056419,,,
1554967433.60536,2.844629765,-40.71732712,1.085265756,,,
1554967434.210557,2.828673124,-40.72471237,1.101274848,,,
1554967434.817085,2.795710802,-40.72436523,1.097653747,,,
1554967435.017367,2.796076775,-40.7092514,1.086956263,,,
1554967435.219133,2.809129715,-40.68356323,1.078930974,,,
1554967435.420823,2.828691721,-40.64921951,1.071945906,,,
1554967435.622807,2.837721825,-40.62226105,1.06344223,,,
1554967435.82424,2.819377661,-40.60877228,1.061614752,,,
1554967436.025955,2.772949934,-40.59810638,1.066761017,,,
1554967436.227735,2.702451944,-40.58104706,1.070177317,,,
1554967436.429399,2.625146866,-40.5608139,1.073026299,,,
1554967436.631114,2.542691469,-40.54573441,1.077438712,,,
1554967436.832842,2.466841459,-40.53443909,1.079929352,,,
1554967437.034544,2.393003941,-40.52114105,1.079648495,,,
1554967437.236272,2.317643642,-40.49294662,1.084539771,,,
1554967437.43841,2.2475214,-40.45820618,1.095900774,,,
1554967437.639703,2.181578875,-40.42049408,1.099484801,,,
1554967437.841418,2.110439777,-40.3863678,1.099561691,,,
1554967438.043146,2.040266275,-40.34959412,1.099055529,,,
1554967438.244874,1.971984386,-40.31002045,1.099207759,,,
1554967438.446576,1.914028764,-40.26557541,1.09471035,,,
1554967438.648304,1.864781618,-40.21776962,1.094356894,,,
1554967438.850045,1.815518022,-40.17051315,1.095084906,,,
1554967439.052068,1.763492465,-40.12264252,1.098425269,,,
1554967439.253463,1.713549376,-40.07232285,1.100535989,,,
1554967439.455229,1.662782669,-40.028965,1.104532242,,,
1554967439.656919,1.615416288,-39.9825592,1.103838325,,,
1554967439.85866,1.565429568,-39.93627167,1.106122136,,,
1554967440.060349,1.522551417,-39.8898201,1.107841492,,,
1554967440.262052,1.482426763,-39.840168,1.10447216,,,
1554967440.463767,1.439906836,-39.78396225,1.108464122,,,
1554967440.665495,1.395273566,-39.72799301,1.111840844,,,
1554967440.867197,1.349595189,-39.67284775,1.1136204,,,
1554967441.0689,1.311325073,-39.61702347,1.113179922,,,
1554967441.273879,1.27060914,-39.56280899,1.11309135,,,
1554967441.472714,1.239465237,-39.50668716,1.108145118,,,
1554967441.674109,1.203683138,-39.44548035,1.105919719,,,
1554967441.87617,1.166268349,-39.38781357,1.109603882,,,
1554967442.077501,1.12769556,-39.32361984,1.113141298,,,
1554967442.279229,1.086706877,-39.25883865,1.113776684,,,
1554967442.480957,1.040060639,-39.19316864,1.112895966,,,
1554967442.68266,1.003735781,-39.13315201,1.107077003,,,
1554967442.884413,0.9687334299,-39.07739258,1.106248975,,,
1554967443.08609,0.9389728308,-39.02184296,1.109730244,,,
1554967443.287933,0.9065459371,-38.95984268,1.111389995,,,
1554967443.48952,0.8685231209,-38.89586639,1.109506726,,,
1554967443.691248,0.8324806094,-38.83346558,1.10993576,,,
1554967443.89496,0.7894250751,-38.77656174,1.119487882,,,
1554967444.094717,0.7486745119,-38.71426773,1.125738263,,,
1554967444.296394,0.7070128322,-38.64606857,1.128631592,,,
1554967444.498122,0.672480464,-38.57616425,1.125489235,,,
1554967444.700682,0.636494875,-38.50866699,1.121965528,,,
1554967444.901565,0.6051076651,-38.43907166,1.116221666,,,
1554967445.10424,0.5741502643,-38.37878418,1.120307684,,,
1554967445.304983,0.5449724793,-38.32231522,1.128932953,,,
1554967445.506711,0.5112778544,-38.25876236,1.13266623,,,
1554967445.708439,0.4725700021,-38.19559479,1.132555723,,,
1554967445.910256,0.4320626855,-38.12765884,1.127394915,,,
1554967446.111856,0.3901457191,-38.06632233,1.123804808,,,
1554967446.313597,0.3524250686,-38.00196075,1.118835807,,,
1554967446.515363,0.31928128,-37.93920898,1.109726906,,,
1554967446.71704,0.2876219749,-37.87080002,1.106788993,,,
1554967446.922672,0.2594047487,-37.80122757,1.107728601,,,
1554967447.123594,0.2355866134,-37.73778534,1.117503881,,,
1554967447.322186,0.2057238966,-37.67753983,1.128651619,,,
1554967447.523875,0.1764775664,-37.6111908,1.135088444,,,
1554967447.725629,0.1443962157,-37.54523849,1.141437888,,,
1554967447.927331,0.1113712639,-37.47325897,1.1453408,,,
1554967448.12906,0.07967104018,-37.40784454,1.147753835,,,
1554967448.330762,0.04559144005,-37.3417511,1.143785477,,,
1554967448.734819,-0.01614130288,-37.20792389,1.15048182,,,
1554967449.137635,-0.08024075627,-37.08012009,1.164936185,,,
1554967449.339338,-0.1080327109,-37.02190399,1.168305159,,,
1554967449.742832,-0.1640522629,-36.88794327,1.170190454,,,
1554967449.944496,-0.1922599673,-36.81430435,1.17234087,,,
1554967450.347927,-0.2523463964,-36.68327713,1.164669633,,,
1554967450.75137,-0.3146933317,-36.55068207,1.167494416,,,
1554967451.1548,-0.3729077876,-36.39728928,1.156184077,,,
1554967451.558256,-0.4345175922,-36.23827744,1.132990956,,,
1554967451.961699,-0.4901257157,-36.10597229,1.140386343,,,
1554967452.365245,-0.5476098061,-35.98299026,1.172451854,,,
1554967452.768548,-0.604604125,-35.82410431,1.183912873,,,
1554967453.171965,-0.6618734598,-35.67863464,1.182213664,,,
1554967453.575408,-0.7281028628,-35.54555511,1.171315312,,,
1554967453.978864,-0.7788385153,-35.40732574,1.157437086,,,
1554967454.382282,-0.8399621248,-35.26951218,1.157655954,,,
1554967454.785764,-0.9009824991,-35.13041687,1.181114912,,,
1554967455.189168,-0.9671571851,-34.9916153,1.191861033,,,
1554967455.592599,-1.020949364,-34.85587311,1.193087935,,,
1554967455.996042,-1.078138947,-34.72321701,1.182391524,,,
1554967456.197911,-1.101595163,-34.66207886,1.170012593,,,
1554967456.399472,-1.127121687,-34.6022644,1.163358808,,,
1554967456.601213,-1.150293946,-34.54314041,1.161085486,,,
1554967456.80289,-1.172101378,-34.47480392,1.164165854,,,
1554967457.206372,-1.224998236,-34.33651352,1.160076022,,,
1554967457.609776,-1.279064536,-34.1896553,1.14326632,,,
1554967458.01322,-1.321959138,-34.03829193,1.123541594,,,
1554967458.21496,-1.3439219,-33.96207428,1.109992743,,,
1554967458.618352,-1.407375336,-33.81218338,1.097880602,,,
1554967459.021808,-1.473487258,-33.69693756,1.123340011,,,
1554967459.425239,-1.513495445,-33.58661652,1.133333921,,,
1554967459.828669,-1.545028448,-33.45823288,1.125295997,,,
1554967460.030423,-1.56697607,-33.38515854,1.1276263,,,
1554967460.232151,-1.593477845,-33.30595016,1.134479642,,,
1554967460.63553,-1.652700663,-33.16169357,1.142741919,,,
1554967461.038986,-1.700088382,-33.02262497,1.12825942,,,
1554967461.442416,-1.742733598,-32.87604141,1.129863143,,,
1554967461.845847,-1.787500143,-32.73205948,1.123223543,,,
1554967462.249277,-1.826106191,-32.59255219,1.11989665,,,
1554967462.451005,-1.841820478,-32.52318954,1.119178057,,,
1554967462.65272,-1.864613771,-32.46074677,1.116125107,,,
1554967462.8545,-1.8885144,-32.39439392,1.116491318,,,
1554967463.056227,-1.914696693,-32.32268143,1.115254164,,,
1554967463.257879,-1.937390089,-32.2507019,1.117922664,,,
1554967463.459594,-1.950710177,-32.17999268,1.121904731,,,
1554967463.661335,-1.959188223,-32.11354446,1.118201733,,,
1554967463.863024,-1.965482116,-32.04190063,1.109321833,,,
1554967464.266493,-1.972056627,-31.89458084,1.088984489,,,
1554967464.669885,-1.997186303,-31.7408905,1.094071388,,,
1554967464.871613,-2.011670351,-31.6610775,1.098395824,,,
1554967465.073316,-2.026907444,-31.58276749,1.101030707,,,
1554967465.275056,-2.045269251,-31.50734138,1.097388029,,,
1554967465.47681,-2.067216635,-31.43999863,1.096758842,,,
1554967465.678538,-2.09467411,-31.36976242,1.099141717,,,
1554967465.880266,-2.117263556,-31.29665756,1.103488684,,,
1554967466.081955,-2.133849621,-31.22409058,1.106862426,,,
1554967466.286154,-2.154564142,-31.14982224,1.11255157,,,
1554967466.48536,-2.174592972,-31.07843971,1.108076215,,,
1554967466.888803,-2.222258806,-30.94024467,1.100691199,,,
1554967467.292221,-2.283967257,-30.79735565,1.107565761,,,
1554967467.695677,-2.325657606,-30.65043831,1.125892997,,,
1554967468.099133,-2.362107277,-30.50908279,1.13493216,,,
1554967468.502538,-2.387588263,-30.36771965,1.154718995,,,
1554967468.905968,-2.408746719,-30.21632195,1.141800165,,,
1554967469.30945,-2.453735828,-30.07961845,1.130972385,,,
1554967469.511127,-2.482395649,-30.00997353,1.103921771,,,
1554967469.914557,-2.532818794,-29.86423874,1.04548347,,,
1554967470.318013,-2.578180552,-29.71821976,1.053457379,,,
1554967470.721469,-2.63597393,-29.57098961,1.100502253,,,
1554967471.124848,-2.670346022,-29.41599846,1.123631239,,,
1554967471.528304,-2.717607021,-29.2834301,1.092576146,,,
1554967471.931799,-2.766780138,-29.15265465,1.067364931,,,
1554967472.335191,-2.805820704,-29.0084877,1.062551618,,,
1554967472.738595,-2.844236851,-28.86787605,1.069272637,,,
1554967473.142141,-2.894500971,-28.73236084,1.091542125,,,
1554967473.545482,-2.941238403,-28.58860016,1.100478411,,,
1554967473.948912,-2.987239122,-28.43447876,1.081159472,,,
1554967474.352368,-3.026618719,-28.29514885,1.059265733,,,
1554967474.755786,-3.069224358,-28.15934563,1.052873611,,,
1554967474.957616,-3.095132828,-28.08177567,1.053189039,,,
1554967475.159229,-3.122728348,-28.00420761,1.054507136,,,
1554967475.360932,-3.157129049,-27.93665504,1.060979962,,,
1554967475.764375,-3.216426134,-27.81138802,1.072980046,,,
1554967475.96609,-3.239210129,-27.73992538,1.080525756,,,
1554967476.369546,-3.287796021,-27.59059525,1.094299793,,,
1554967476.772976,-3.331984043,-27.46005821,1.104553819,,,
1554967476.974717,-3.353517294,-27.3924675,1.107379317,,,
1554967477.176432,-3.378360271,-27.31980896,1.104841471,,,
1554967477.378122,-3.406447887,-27.24392891,1.107993245,,,
1554967477.579837,-3.439373493,-27.16552544,1.119008899,,,
1554967477.983293,-3.512490511,-27.00742912,1.132568479,,,
1554967478.184983,-3.555054188,-26.93446159,1.123321295,,,
1554967478.597091,-3.619429588,-26.79623604,1.101220965,,,
1554967478.991869,-3.66189003,-26.68104362,1.112461448,,,
1554967479.395287,-3.712585449,-26.54892731,1.115706444,,,
1554967479.597386,-3.737743378,-26.48109245,1.111503243,,,
1554967480.000522,-3.772068977,-26.3456974,1.082741737,,,
1554967480.403939,-3.83147049,-26.20221329,1.067345619,,,
1554967480.807332,-3.899955511,-26.05368614,1.096701741,,,
1554967481.210775,-3.97668004,-25.90257454,1.109182119,,,
1554967481.614231,-4.034381866,-25.777565,1.09576726,,,
1554967482.017661,-4.077254772,-25.65550613,1.089439154,,,
1554967482.421053,-4.114972115,-25.52825928,1.080992103,,,
1554967482.824509,-4.160160065,-25.38690567,1.074621081,,,
1554967483.227952,-4.21981287,-25.2492485,1.078643084,,,
1554967483.63137,-4.288340092,-25.10904884,1.087923884,,,
1554967484.0348,-4.349291325,-24.97083473,1.096393943,,,
1554967484.236541,-4.38297224,-24.89678574,1.094185114,,,
1554967484.438256,-4.415694237,-24.82705307,1.087742209,,,
1554967484.639946,-4.448310375,-24.75861931,1.089583755,,,
1554967484.841674,-4.481293201,-24.68614388,1.091748834,,,
1554967485.043415,-4.51551342,-24.61533928,1.09495604,,,
1554967485.245104,-4.552316189,-24.55114937,1.099917889,,,
1554967485.648547,-4.618494987,-24.43385887,1.093919158,,,
1554967486.051978,-4.684056282,-24.33020592,1.092446089,,,
1554967486.455447,-4.753151894,-24.20118904,1.087360501,,,
1554967486.858851,-4.824836254,-24.04872513,1.099921584,,,
1554967487.262295,-4.899627209,-23.88725662,1.104051352,,,
1554967487.464023,-4.93068552,-23.81552315,1.103157401,,,
1554967487.86744,-4.992306709,-23.69281197,1.119442105,,,
1554967488.27096,-5.065423012,-23.58398247,1.125603676,,,
1554967488.674327,-5.133786201,-23.45861435,1.119462252,,,
1554967488.876055,-5.16432333,-23.3860054,1.116006494,,,
1554967489.07832,-5.195310116,-23.31036949,1.112854958,,,
1554967489.481188,-5.250833511,-23.15018272,1.112594962,,,
1554967489.884669,-5.303503513,-22.98978996,1.115733027,,,
1554967490.288112,-5.367964268,-22.86486435,1.127833128,,,
1554967490.691504,-5.428385258,-22.74520683,1.110238075,,,
1554967490.893732,-5.449172974,-22.68294334,1.101770997,,,
1554967491.296663,-5.496343136,-22.54544258,1.093988657,,,
1554967491.498365,-5.529571056,-22.47517967,1.097622395,,,
1554967491.901847,-5.604070187,-22.33834839,1.10637033,,,
1554967492.305277,-5.670354366,-22.1954422,1.113892555,,,
1554967492.506967,-5.698943138,-22.1247921,1.117563128,,,
1554967492.708669,-5.714631081,-22.0581646,1.12698257,,,
1554967492.910423,-5.729687691,-21.99361992,1.131027102,,,
1554967493.112099,-5.754525661,-21.93577766,1.131874561,,,
1554967493.313815,-5.7909832,-21.87108994,1.126379967,,,
1554967493.515543,-5.825865269,-21.79684067,1.123578668,,,
1554967493.918986,-5.879449368,-21.64019585,1.10834527,,,
1554967494.120714,-5.904053688,-21.56344604,1.102293372,,,
1554967494.52417,-5.951510906,-21.42702866,1.103497028,,,
1554967494.927613,-5.998070717,-21.30586433,1.116595507,,,
1554967495.331082,-6.054040432,-21.18520737,1.116487622,,,
1554967495.734474,-6.108818531,-21.04771233,1.116288185,,,
1554967496.137866,-6.160191059,-20.89038277,1.110022426,,,
1554967496.541296,-6.218174934,-20.73866463,1.105711222,,,
1554967496.945303,-6.274445057,-20.59532547,1.108575463,,,
1554967497.348196,-6.316697598,-20.43915176,1.114539385,,,
1554967497.751677,-6.36212492,-20.29729652,1.116700888,,,
1554967498.155082,-6.405077934,-20.16436195,1.101334572,,,
1554967498.558512,-6.442583561,-20.0206356,1.083472371,,,
1554967498.961956,-6.49582386,-19.8818531,1.089623094,,,
1554967499.36536,-6.549137592,-19.76182175,1.11635375,,,
1554967499.768791,-6.614639759,-19.63514328,1.113079071,,,
1554967499.970506,-6.648695946,-19.56816483,1.101464748,,,
1554967500.374,-6.699329853,-19.41833115,1.086609364,,,
1554967500.777431,-6.741866112,-19.2770195,1.081933856,,,
1554967501.18081,-6.778826237,-19.13252449,1.093770266,,,
1554967501.584266,-6.835351944,-18.98766899,1.094293118,,,
1554967501.987773,-6.907943726,-18.84482956,1.112492681,,,
1554967502.190845,-6.930553436,-18.76047325,1.12473321,,,
1554967502.592855,-6.987508297,-18.59927368,1.122172117,,,
1554967502.996311,-7.051510811,-18.45684814,1.114119768,,,
1554967503.399715,-7.091211319,-18.32733154,1.112485647,,,
1554967503.803172,-7.138546467,-18.20748329,1.11037147,,,
1554967504.206589,-7.190477848,-18.077034,1.100404501,,,
1554967504.610109,-7.244996548,-17.938097,1.082674265,,,
1554967505.013463,-7.305309772,-17.79490089,1.079364777,,,
1554967505.215165,-7.336163998,-17.72403336,1.090227962,,,
1554967505.618621,-7.38950634,-17.58385849,1.109140873,,,
1554967506.02232,-7.448741436,-17.44644165,1.118091464,,,
1554967506.425469,-7.497980595,-17.30962944,1.103682399,,,
1554967506.828925,-7.561745644,-17.17821693,1.08134532,,,
1554967507.232356,-7.626013756,-17.02250671,1.082390904,,,
1554967507.635786,-7.685032845,-16.88243675,1.090717554,,,
1554967508.039306,-7.734411716,-16.7506752,1.088024616,,,
1554967508.442647,-7.79422617,-16.62456703,1.092747331,,,
1554967508.644439,-7.82626009,-16.55898285,1.099640131,,,
1554967508.846103,-7.863413334,-16.49666786,1.106246829,,,
1554967509.047831,-7.887821198,-16.43098068,1.104067683,,,
1554967509.249533,-7.902107239,-16.35912704,1.09656477,,,
1554967509.653002,-7.930917263,-16.21491432,1.076186538,,,
1554967509.854704,-7.953437328,-16.14246178,1.075865626,,,
1554967510.057072,-7.97822237,-16.071064,1.085939884,,,
1554967510.45985,-8.036615372,-15.91898632,1.099995613,,,
1554967510.661578,-8.064919472,-15.84204388,1.105428696,,,
1554967511.064983,-8.117133141,-15.69626141,1.101965785,,,
1554967511.468439,-8.165253639,-15.57316875,1.099268436,,,
1554967511.871869,-8.214828491,-15.44084835,1.09764111,,,
1554967512.275325,-8.26083374,-15.28852463,1.095159769,,,
1554967512.678756,-8.303449631,-15.13965607,1.092299819,,,
1554967513.082173,-8.362618446,-14.99022388,1.073819637,,,
1554967513.485616,-8.419380188,-14.83773613,1.069925308,,,
1554967513.889047,-8.453521729,-14.69905949,1.086834431,,,
1554967514.292477,-8.480762482,-14.57142448,1.097812653,,,
1554967514.494192,-8.499033928,-14.50504589,1.09754324,,,
1554967514.897623,-8.539786339,-14.3633194,1.092551589,,,
1554967515.301066,-8.591649055,-14.21831417,1.0851717,,,
1554967515.704509,-8.646775246,-14.08551311,1.094572663,,,
1554967516.107927,-8.714934349,-13.94690418,1.095888138,,,
1554967516.51137,-8.769556999,-13.81027985,1.089762449,,,
1554967516.914877,-8.812636375,-13.68656731,1.07820189,,,
1554967517.318384,-8.856451035,-13.53491306,1.091061115,,,
1554967517.721764,-8.897500038,-13.36858273,1.104784846,,,
1554967518.125117,-8.945205688,-13.22480106,1.097357512,,,
1554967518.326845,-8.979197502,-13.15708637,1.087645173,,,
1554967518.730288,-9.042135239,-13.03207588,1.081494093,,,
1554967519.133693,-9.085644722,-12.90475273,1.087443352,,,
1554967519.335421,-9.109176636,-12.83776379,1.090204716,,,
1554967519.537136,-9.136069298,-12.7693224,1.09386456,,,
1554967519.739095,-9.169446945,-12.70374012,1.095002532,,,
1554967520.142295,-9.237030029,-12.56771374,1.099835634,,,
1554967520.34401,-9.270425797,-12.49772358,1.109262466,,,
1554967520.545738,-9.299772263,-12.42200756,1.116637111,,,
1554967520.949168,-9.361217499,-12.2694521,1.127959371,,,
1554967521.352599,-9.414237976,-12.13227844,1.126758933,,,
1554967521.756029,-9.475040436,-12.00369644,1.119652867,,,
1554967522.159511,-9.54470253,-11.87074947,1.102452159,,,
1554967522.562941,-9.607780457,-11.73506165,1.100701809,,,
1554967522.966372,-9.66146183,-11.5905962,1.104300618,,,
1554967523.369776,-9.70947361,-11.46082306,1.104035854,,,
1554967523.77322,-9.769313812,-11.33660984,1.111835837,,,
1554967524.176765,-9.832848549,-11.20783043,1.12095964,,,
1554967524.58008,-9.891183853,-11.04918861,1.113170743,,,
1554967524.983524,-9.948868752,-10.88426781,1.115200043,,,
1554967525.386954,-10.00319099,-10.73431873,1.13367033,,,
1554967525.588695,-10.03215981,-10.66776752,1.134473562,,,
1554967525.992228,-10.07897377,-10.54212666,1.134711146,,,
1554967526.395568,-10.12027645,-10.40400219,1.133219004,,,
1554967526.798986,-10.16590691,-10.26647854,1.127334833,,,
1554967527.202736,-10.22375965,-10.12562561,1.131485343,,,
1554967527.606013,-10.28229809,-9.993268967,1.133591175,,,
1554967528.009303,-10.33972549,-9.866086006,1.134764194,,,
1554967528.412746,-10.40164185,-9.733070374,1.118969679,,,
1554967528.816164,-10.45482445,-9.589222908,1.112396002,,,
1554967529.219607,-10.50479031,-9.436279297,1.130623937,,,
1554967529.623063,-10.55616188,-9.290221214,1.138042569,,,
1554967530.026468,-10.60744476,-9.146572113,1.135105491,,,
1554967530.429924,-10.66372108,-9.004089355,1.146678448,,,
1554967530.631626,-10.68790054,-8.938825607,1.146178365,,,
1554967531.035363,-10.74693298,-8.818023682,1.128222466,,,
1554967531.23681,-10.78183365,-8.747552872,1.122744441,,,
1554967531.640215,-10.84426594,-8.597603798,1.125977039,,,
1554967532.043658,-10.89416981,-8.464688301,1.126330376,,,
1554967532.447114,-10.93568802,-8.332177162,1.122461915,,,
1554967532.850532,-10.98919392,-8.190473557,1.120753884,,,
1554967533.254103,-11.03370667,-8.053059578,1.121096611,,,
1554967533.657405,-11.07378387,-7.916594982,1.117551446,,,
1554967534.060874,-11.12116146,-7.781315804,1.138378739,,,
1554967534.46433,-11.17069244,-7.639028549,1.138432026,,,
1554967534.867824,-11.21397686,-7.489854813,1.125301003,,,
1554967535.27114,-11.25660992,-7.353975773,1.123723984,,,
1554967535.674647,-11.30713654,-7.220656395,1.131842136,,,
1554967536.078628,-11.36513615,-7.062086582,1.145731568,,,
1554967536.481431,-11.42665195,-6.907473087,1.155423164,,,
1554967536.888535,-11.48556995,-6.76467371,1.154217601,,,
1554967537.28833,-11.53256702,-6.630466461,1.148382068,,,
1554967537.69176,-11.56913185,-6.48896122,1.147642851,,,
1554967538.095191,-11.61070442,-6.341009617,1.14670217,,,
1554967538.498634,-11.6697216,-6.219247341,1.156642914,,,
1554967538.902051,-11.73473644,-6.090242863,1.162727356,,,
1554967539.305559,-11.77769566,-5.942522526,1.157503963,,,
1554967539.708925,-11.82413387,-5.806138992,1.140639782,,,
1554967540.112432,-11.88129711,-5.66554451,1.138192296,,,
1554967540.515811,-11.92256546,-5.526777744,1.133149624,,,
1554967540.91946,-11.97093391,-5.402713299,1.134953856,,,
1554967541.322775,-12.02889442,-5.254950523,1.133274436,,,
1554967541.726115,-12.07976723,-5.107685089,1.139065027,,,
1554967542.129584,-12.13247585,-4.953500748,1.150012732,,,
1554967542.3313,-12.16030979,-4.880908489,1.151716948,,,
1554967542.532976,-12.1858263,-4.811201096,1.147354603,,,
1554967542.737136,-12.20803261,-4.74185276,1.142580152,,,
1554967542.936407,-12.22145081,-4.682267189,1.141234756,,,
1554967543.138148,-12.2364912,-4.630500317,1.141761661,,,
1554967543.33985,-12.25303936,-4.585643291,1.137159348,,,
1554967543.74328,-12.26840115,-4.48964262,1.133478403,,,
1554967543.944995,-12.27643299,-4.437570095,1.133857131,,,
1554967544.146826,-12.2901535,-4.392146587,1.133907437,,,
1554967544.348439,-12.29733753,-4.347990036,1.133618593,,,
1554967544.75192,-12.31163216,-4.271317482,1.128497362,,,
1554967545.155299,-12.3187294,-4.196664333,1.134848475,,,
1554967545.760471,-12.34275341,-4.098427296,1.140740752,,,
1554967546.365603,-12.37556267,-3.993961334,1.124335647,,,
1554967546.769047,-12.38590813,-3.926428556,1.123044491,,,
1554967547.17249,-12.39723015,-3.87523818,1.12720716,,,
1554967547.575997,-12.42737007,-3.840821981,1.130031347,,,
1554967547.979376,-12.44675732,-3.801990032,1.141431451,,,
1554967548.384509,-12.46736145,-3.748976946,1.146212101,,,
1554967548.988195,-12.49107456,-3.6743505,1.127710819,,,
1554967549.593098,-12.48519421,-3.632765293,1.111583591,,,
1554967550.198295,-12.49001598,-3.617046833,1.128226876,,,
1554967550.803492,-12.50460529,-3.567369223,1.128917933,,,
1554967551.40856,-12.51667213,-3.535999298,1.121918917,,,
1554967551.610301,-12.50587559,-3.533977032,1.122314095,,,
1554967551.812029,-12.47678185,-3.524745464,1.12155807,,,
1554967552.013719,-12.44964123,-3.516339302,1.124788761,,,
1554967552.215434,-12.41837597,-3.509421587,1.127596498,,,
1554967552.417162,-12.38439655,-3.499262094,1.128673196,,,
1554967552.618864,-12.36161995,-3.489537954,1.128056407,,,
1554967552.825392,-12.3529501,-3.476587534,1.123659968,,,
1554967553.022308,-12.34115505,-3.454231262,1.110888124,,,
1554967553.22401,-12.33365154,-3.428289175,1.091835737,,,
1554967553.425751,-12.32226467,-3.40072751,1.080216169,,,
1554967553.627453,-12.29105759,-3.373647213,1.076378465,,,
1554967553.829181,-12.23467445,-3.342763424,1.079425693,,,
1554967554.030896,-12.15720272,-3.312679291,1.083577037,,,
1554967554.233226,-12.05162334,-3.278856039,1.078913569,,,
1554967554.434327,-11.93719101,-3.248308897,1.073237538,,,
1554967554.636349,-11.83000183,-3.220647335,1.067433596,,,
1554967554.838128,-11.73194313,-3.196332455,1.065127134,,,
1554967555.03969,-11.64108086,-3.169809341,1.057472706,,,
1554967555.2412,-11.56544399,-3.14552474,1.046122789,,,
1554967555.442915,-11.49980164,-3.124279976,1.027601957,,,
1554967555.644644,-11.43202877,-3.103788853,1.020824075,,,
1554967555.846564,-11.36180782,-3.080430746,1.020218015,,,
1554967556.049085,-11.294734,-3.053684235,1.029507637,,,
1554967556.249802,-11.2225666,-3.031258345,1.044531345,,,
1554967556.451504,-11.14011478,-3.008557796,1.044628263,,,
1554967556.653219,-11.06165791,-2.985589743,1.040266871,,,
1554967556.855396,-10.99617195,-2.961547613,1.037628174,,,
1554967557.258429,-10.87837219,-2.920382738,1.02994597,,,
1554967557.66241,-10.75542355,-2.884578705,1.02292037,,,
1554967557.863536,-10.68808174,-2.859144688,1.016189933,,,
1554967558.266967,-10.54422188,-2.812362432,1.010553241,,,
1554967558.670397,-10.39404678,-2.761860132,1.004455924,,,
1554967559.073853,-10.24859333,-2.718605042,0.9924758673,,,
1554967559.477271,-10.10495758,-2.678423166,0.9869765639,,,
1554967559.880701,-9.974583626,-2.628403664,0.9867650867,,,
1554967560.082493,-9.90749836,-2.59615922,0.9857777953,,,
1554967560.284144,-9.835172653,-2.571054697,0.979105711,,,
1554967560.48609,-9.765506744,-2.55044055,0.9731715918,,,
1554967560.687575,-9.694700241,-2.534267187,0.9704518318,,,
1554967560.889508,-9.627947807,-2.514144897,0.9737799764,,,
1554967561.292733,-9.490262985,-2.471844912,0.9840694666,,,
1554967561.696176,-9.347702026,-2.421514511,0.9708775878,,,
1554967562.10058,-9.211544037,-2.355060339,0.959158361,,,
1554967562.50305,-9.081274986,-2.294281483,0.9462143183,,,
1554967562.704765,-9.007048607,-2.27503109,0.9337605834,,,
1554967562.906519,-8.925984383,-2.258857012,0.9235204458,,,
1554967563.310051,-8.759555817,-2.229262114,0.9166604877,,,
1554967563.511639,-8.684808731,-2.213583946,0.9173694253,,,
1554967563.713367,-8.614126205,-2.191631556,0.9195539951,,,
1554967564.116784,-8.482319832,-2.130782604,0.9321194887,,,
1554967564.319344,-8.41874218,-2.105104208,0.9389625192,,,
1554967564.520637,-8.356981277,-2.07410121,0.9438588023,,,
1554967564.721943,-8.283013344,-2.044631958,0.941154778,,,
1554967565.125399,-8.137138367,-1.985054731,0.9155774713,,,
1554967565.530276,-8.00825882,-1.93636167,0.888610363,,,
1554967565.730544,-7.948901176,-1.915427446,0.8861956596,,,
1554967565.932285,-7.888546467,-1.892320156,0.882848382,,,
1554967566.335716,-7.752363682,-1.854278684,0.8761259317,,,
1554967566.538084,-7.681637764,-1.835340261,0.8750547767,,,
1554967566.940861,-7.535277367,-1.780884743,0.8823648691,,,
1554967567.344304,-7.38692379,-1.724498749,0.8824607134,,,
1554967567.747709,-7.237548351,-1.662725568,0.8706976175,,,
1554967568.151152,-7.085776329,-1.601567507,0.8632315397,,,
1554967568.352855,-7.011980534,-1.573147297,0.8577432632,,,
1554967568.756298,-6.871232986,-1.531469703,0.8521338701,,,
1554967569.161187,-6.747083187,-1.509779096,0.8376766443,,,
1554967569.361456,-6.676892281,-1.497277975,0.8289855123,,,
1554967569.563261,-6.606059551,-1.482297897,0.818046391,,,
1554967569.966666,-6.46855402,-1.4355371,0.8035924435,,,
1554967570.370519,-6.339930534,-1.377804875,0.7905840278,,,
1554967570.773527,-6.199212551,-1.328468442,0.7821396589,,,
1554967571.176944,-6.050131321,-1.286955476,0.7938549519,,,
1554967571.378621,-5.974898338,-1.268104315,0.8007776141,,,
1554967571.782256,-5.832881451,-1.220394731,0.8040964007,,,
1554967572.186429,-5.699846268,-1.174183249,0.7900753021,,,
1554967572.387261,-5.636071205,-1.150038481,0.7828621268,,,
1554967572.58904,-5.565451622,-1.12537086,0.7738482952,,,
1554967572.993098,-5.418217182,-1.084843278,0.7616791129,,,
1554967573.395799,-5.268529415,-1.04629004,0.7635223866,,,
1554967573.799268,-5.123112202,-1.01356256,0.7704151273,,,
1554967574.001123,-5.052783012,-0.9851132631,0.7649567723,,,
1554967574.404426,-4.904826641,-0.9121987224,0.7407173514,,,
1554967574.807831,-4.754354477,-0.8470852971,0.7307546139,,,
1554967575.009559,-4.678543568,-0.8251233101,0.7319378853,,,
1554967575.211287,-4.604944229,-0.8062259555,0.7373760343,,,
1554967575.412976,-4.534152508,-0.7886736989,0.7434615493,,,
1554967575.614704,-4.472119331,-0.7752310038,0.7530248761,,,
1554967575.816458,-4.417222023,-0.7550265789,0.7535296082,,,
1554967576.018147,-4.362392426,-0.7347871661,0.7579908967,,,
1554967576.421603,-4.244243145,-0.7090361714,0.7565155029,,,
1554967576.623319,-4.180733204,-0.6978914142,0.7510710359,,,
1554967576.825008,-4.114575386,-0.6837260127,0.7444248796,,,
1554967577.027517,-4.042037964,-0.6634839773,0.7377917171,,,
1554967577.228554,-3.971036434,-0.6425798535,0.7330157757,,,
1554967577.430167,-3.897680044,-0.6186031103,0.7314719558,,,
1554967577.631882,-3.819106817,-0.5848075151,0.7262043953,,,
1554967577.83361,-3.733134747,-0.5479716063,0.718883872,,,
1554967578.035376,-3.647399902,-0.5128871799,0.7113945484,,,
1554967578.237027,-3.574810982,-0.4835707545,0.7036930323,,,
1554967578.438756,-3.520773172,-0.4503433406,0.6983703375,,,
1554967578.640509,-3.480383396,-0.4218316674,0.6918308139,,,
1554967578.84225,-3.459884882,-0.3921092451,0.6926222444,,,
1554967579.043901,-3.454315662,-0.3599672019,0.6880280972,,,
1554967579.245642,-3.460030317,-0.3265015185,0.6840408444,,,
1554967579.649072,-3.483121872,-0.2893407643,0.683222115,,,
1554967579.8508,-3.492038488,-0.2768314481,0.6877447367,,,
1554967580.052477,-3.496876478,-0.2672731578,0.7003625631,,,
1554967580.254218,-3.490953207,-0.2658239603,0.7101686597,,,
1554967580.45592,-3.47418642,-0.274017334,0.716925621,,,
1554967580.657661,-3.449305773,-0.2905603945,0.729628861,,,
1554967580.859453,-3.416162729,-0.310847789,0.7392067313,,,
1554967581.061079,-3.37542057,-0.3279826343,0.7473571897,,,
1554967581.262807,-3.329415083,-0.343246907,0.7500593662,,,
1554967581.46465,-3.281959772,-0.3535543084,0.7484691739,,,
1554967581.66625,-3.234415293,-0.3583487868,0.7447766066,,,
1554967581.867952,-3.183798552,-0.3578148484,0.7417094707,,,
1554967582.069706,-3.132236719,-0.3485595882,0.7397481799,,,
1554967582.271383,-3.076127529,-0.3364175558,0.7402328849,,,
1554967582.473162,-3.011770487,-0.3183222711,0.7374992967,,,
1554967582.674826,-2.93691659,-0.2969799638,0.7288766503,,,
1554967582.876541,-2.852105618,-0.2765878439,0.7169080973,,,
1554967583.078397,-2.756630421,-0.2613366842,0.7017229199,,,
1554967583.279997,-2.659506798,-0.2491172552,0.6887250543,,,
1554967583.481866,-2.565180063,-0.2467548102,0.674625814,,,
1554967583.683415,-2.475971937,-0.2470342666,0.6645500064,,,
1554967584.086871,-2.326062918,-0.2657337487,0.6640835404,,,
1554967584.490416,-2.220770121,-0.2884938121,0.6639488935,,,
1554967584.692003,-2.177606583,-0.3091806769,0.660210669,,,
1554967584.893732,-2.133723259,-0.3324165642,0.6539325714,,,
1554967585.097584,-2.08754468,-0.3486595154,0.6509731412,,,
1554967585.297175,-2.039052248,-0.3523173928,0.6477100253,,,
1554967585.498903,-1.989384651,-0.3505344391,0.6453341842,,,
1554967585.701322,-1.942455292,-0.3399370313,0.6400786638,,,
1554967585.902333,-1.898337483,-0.3260018528,0.6367538571,,,
1554967586.104023,-1.855736852,-0.3140884042,0.639452219,,,
1554967586.305738,-1.816111803,-0.3002177179,0.650742054,,,
1554967586.507555,-1.781533599,-0.2850449681,0.6628417373,,,
1554967586.709245,-1.745711446,-0.2748719752,0.668330133,,,
1554967586.910909,-1.708592296,-0.2678233385,0.6682311296,,,
1554967587.112624,-1.669530272,-0.2627211213,0.6655090451,,,
1554967587.314327,-1.622640848,-0.2595981061,0.6541352868,,,
1554967587.718013,-1.493265986,-0.2569350898,0.6350661516,,,
1554967587.919511,-1.421731472,-0.261415273,0.6331806779,,,
1554967588.322941,-1.273793817,-0.2425734401,0.6268346906,,,
1554967588.727383,-1.116214514,-0.2201597244,0.6180528402,,,
1554967589.130058,-0.9831777811,-0.1853490174,0.6149808168,,,
1554967589.533245,-0.899281621,-0.1561731398,0.6180116534,,,
1554967589.936663,-0.8400924206,-0.1454109251,0.6128985286,,,
1554967590.340144,-0.7706224918,-0.1466130316,0.5945788026,,,
1554967590.541821,-0.728892386,-0.1463356316,0.5869077444,,,
1554967590.743536,-0.6877930164,-0.1466801167,0.5812794566,,,
1554967590.945264,-0.6485142112,-0.1483628899,0.5751234293,,,
1554967591.147031,-0.6136673689,-0.1485532373,0.5780728459,,,
1554967591.348746,-0.5855613351,-0.1438634247,0.5789498687,,,
1554967591.550423,-0.5585163236,-0.1364513934,0.582477212,,,
1554967591.752163,-0.5304648876,-0.1313976049,0.5864881873,,,
1554967591.953879,-0.5029168725,-0.1420157254,0.586587131,,,
1554967592.155568,-0.4737218618,-0.1521857977,0.5885270834,,,
1554967592.357335,-0.4459080994,-0.1592260599,0.5920324326,,,
1554967592.55905,-0.4161396027,-0.1623756737,0.5968171954,,,
1554967592.760727,-0.3849951625,-0.1659461111,0.6019155979,,,
1554967592.962429,-0.3537423313,-0.1619624645,0.6037467718,,,
1554967593.164157,-0.3315188587,-0.1630982459,0.6036992073,,,
1554967593.365923,-0.3145004809,-0.162333563,0.5987887979,,,
1554967593.5676,-0.2986281812,-0.1583951861,0.5922495723,,,
1554967593.76938,-0.285376817,-0.1516301036,0.5864218473,,,
1554967593.971044,-0.2702322304,-0.1479253024,0.5843008161,,,
1554967594.172797,-0.2530231178,-0.1479966193,0.5920394063,,,
1554967594.374602,-0.2379418164,-0.1431014538,0.6008481383,,,
1554967594.576189,-0.2202821225,-0.1361185014,0.608105123,,,
1554967594.777917,-0.2036460638,-0.1240113974,0.6126999855,,,
1554967594.97962,-0.1913075149,-0.1130848974,0.6119139194,,,
1554967595.18136,-0.1819010675,-0.1037565842,0.614503026,,,
1554967595.38305,-0.1715037078,-0.09814868122,0.6156503558,,,
1554967595.584778,-0.1577077955,-0.09622702003,0.6167169809,,,
1554967595.786493,-0.1419672817,-0.08718694001,0.6189081073,,,
1554967595.988208,-0.125189662,-0.0758613497,0.6232812405,,,
1554967596.189924,-0.1113496348,-0.06725112349,0.6252487302,,,
1554967596.392023,-0.1004513726,-0.0576421991,0.6291285157,,,
1554967596.593354,-0.08463253081,-0.04862948507,0.6254470944,,,
1554967596.795069,-0.0662605837,-0.05160880461,0.6248574257,,,
1554967596.996823,-0.04935965687,-0.05286606401,0.6270329356,,,
1554967597.198589,-0.02340732887,-0.06177631766,0.625269711,,,
1554967597.400215,-0.003288153559,-0.07078577578,0.6238883734,,,
1554967597.601943,0.006513800938,-0.08033944666,0.6163607836,,,
1554967597.803671,0.006407847162,-0.09576595575,0.6090346575,,,
1554967598.005373,0.0003877196286,-0.1076876,0.6027421951,,,
1554967598.207101,-0.003588877153,-0.1197932065,0.5987152457,,,
1554967598.408816,-0.004884181544,-0.1367738396,0.6005675793,,,
1554967598.610532,0.003182308981,-0.1481547207,0.5969763398,,,
1554967598.812272,0.01516873389,-0.1579201818,0.5923659801,,,
1554967599.013988,0.02974058315,-0.1617361158,0.58899194,,,
1554967599.21569,0.04239493236,-0.163354829,0.5860673189,,,
1554967599.417431,0.05034279078,-0.1651069373,0.5850183964,,,
1554967599.62145,0.05683290586,-0.1660216898,0.5876072049,,,
